001190001012001123100002000000000
002200201012002122600000001032914
003200212272010053000000001250000
004201005312011081200000000500000
005201108132011120500000000250000
006201112062015123100000000100000
007201601012020063000000000100000|46
008201601012020063000000000300000|01|02|03|04|05|06|07|08|09|11|12|13|14|15|16|17|18|30|31|32|33|34|35|36|37|38|39|40|41|47|48|49|81|82|99
009202007012021123100000000100000|46
010202007012021123100000000200000|01|02|03|04|05|06|07|08|09|11|12|13|14|15|16|17|18|30|31|32|33|34|35|36|37|38|39|40|41|47|48|49|81|82|99
011202201012022022700000000300000|17
012202201012022022700000000200000|01|02|03|04|05|06|07|08|09|11|12|13|14|15|16|18|30|31|32|33|34|35|36|37|38|39|40|41|46|47|48|49|81|82|99
013202202282022123100000000300000|17
014202202282022123100000000100000|46|81
015202202282022123100000000200000|01|02|03|04|05|06|07|08|09|11|12|13|14|15|16|18|30|31|32|33|34|35|36|37|38|39|40|41|47|48|49|82|99
016202301012999123100000000300000|17
017202301012999123100000000100000|46|81
018202301012999123100000000500000|01|02|03|04|05|06|07|08|09|11|12|13|14|15|16|18|30|31|32|33|34|35|36|37|38|39|40|41|47|48|49|82|99
