7 410011     
7 410012     
7 410013     
7 410014     
7 410015     
7 410016     
7 410017     
7 410021     
7 410022     
7 410023     
7 410024     
7 410031     
7 410032     
8 410011     
8 410012     
8 410013     
8 410014     
8 410015     
8 410016     
8 410017     
8 410021     
8 410022     
8 410023     
8 410024     
8 410031     
8 410032     
9 411051     
9 411052     
9 411061     
9 411062     
9 411071     
9 411072     
9 411081     
9 411089     
9 411091     
9 411099     
9 411191     
9 411192     
9 411201     
9 411202     
9 411203     
9 411204     
9 411205     
9 411206     
9 411211     
9 411212     
9 411221     
9 411222     
9 411231     
9 411232     
9 411234     
9 411237     
9 411239     
9 411241     
9 411242     
9 411243     
9 411244     
9 411245     
9 411255     
9 411256     
9 411257     
9 411259     
9 411351     
9 411352     
9 411353     
9 411360     
10411051     
10411052     
10411061     
10411062     
10411071     
10411072     
10411081     
10411089     
10411091     
10411099     
10411191     
10411192     
10411201     
10411202     
10411203     
10411204     
10411205     
10411206     
10411211     
10411212     
10411221     
10411222     
10411231     
10411232     
10411234     
10411237     
10411239     
10411241     
10411242     
10411243     
10411244     
10411245     
10411255     
10411256     
10411257     
10411259     
10411351     
10411352     
10411353     
10411360     
11412233     
11412235     
11412236     
11412251     
11412411     
11412412     
11412421     
11412422     
11412429     
11412431     
11412432     
11412433     
11412439     
12412233     
12412235     
12412236     
12412251     
12412411     
12412412     
12412421     
12412422     
12412429     
12412431     
12412432     
12412433     
12412439     
13413252     
13413253     
13413254     
13413261     
13413262     
13413263     
13413264     
13413265     
13413266     
13413267     
13413268     
13413271     
13413272     
13413273     
13413274     
13413275     
13413279     
13413281     
13413282     
13413283     
13413284     
13413289     
13413291     
13413292     
13413293     
13413301     
13413302     
13413303     
13413304     
13413309     
13413325     
13413331     
13413332     
14413252     
14413253     
14413254     
14413261     
14413262     
14413263     
14413264     
14413265     
14413266     
14413267     
14413268     
14413271     
14413272     
14413273     
14413274     
14413275     
14413279     
14413281     
14413282     
14413283     
14413284     
14413289     
14413291     
14413292     
14413293     
14413301     
14413302     
14413303     
14413304     
14413309     
14413325     
14413331     
14413332     
15414101     
15414102     
15414103     
15414104     
15414105     
15414106     
15414107     
15414108     
15414109     
15414110     
15414120     
16414101     
16414102     
16414103     
16414104     
16414105     
16414106     
16414107     
16414108     
16414109     
16414110     
16414120     
17415131     
17415132     
17415133     
17415139     
17415141     
17415142     
17415143     
17415151     
17415152     
18415131     
18415132     
18415133     
18415139     
18415141     
18415142     
18415143     
18415151     
18415152     
19416161     
19416162     
19416171     
19416172     
19416181     
19416182     
19416310     
19416321     
19416322     
19416323     
19416324     
19416329     
20416161     
20416162     
20416171     
20416172     
20416181     
20416182     
20416310     
20416321     
20416322     
20416323     
20416324     
20416329     
21510461     
21510462     
21510463     
21510464     
21510465     
21510466     
21510467     
21510469     
22510461     
22510462     
22510463     
22510464     
22510465     
22510466     
22510467     
22510469     
23511451     
23511453     
23511454     
23511471     
23511472     
23511473     
23511474     
23511475     
23511476     
23511477     
23511478     
23511479     
24511451     
24511453     
24511454     
24511471     
24511472     
24511473     
24511474     
24511475     
24511476     
24511477     
24511478     
24511479     
25512551     
25512552     
25512553     
25512559     
25512561     
25512562     
25512563     
26512551     
26512552     
26512553     
26512559     
26512561     
26512562     
26512563     
27513403     
27513491     
27513492     
27513493     
27513494     
27513495     
27513501     
27513502     
27513504     
27513511     
27513512     
27513521     
27513522     
27513531     
27513532     
27513771     
28513491     
28513492     
28513493     
28513494     
28513495     
28513501     
28513502     
28513503     
28513504     
28513511     
28513512     
28513521     
28513522     
28513531     
28513532     
28513771     
29514642     
29514661     
29514662     
29514681     
29514682     
29514683     
30514642     
30514661     
30514662     
30514681     
30514682     
30514683     
31515370     
31515381     
31515382     
31515383     
31515390     
32515370     
32515381     
32515382     
32515383     
32515390     
33516750     
33516861     
33516862     
33516869     
33516871     
33516872     
33516873     
33516879     
33516881     
33516889     
34516750     
34516861     
34516862     
34516869     
34516871     
34516872     
34516873     
34516879     
34516881     
34516889     
35517452     
35517581     
35517582     
35517591     
35517592     
35517601     
35517602     
35517611     
35517612     
35517613     
35517619     
35517620     
35517631     
35517639     
35517691     
35517692     
35517701     
35517702     
35517711     
35517712     
35517721     
35517722     
35517731     
35517732     
35517741     
35517742     
35517743     
35517749     
35517772     
35517773     
35517774     
35517781     
35517782     
35517783     
35517791     
35517799     
35517801     
35517802     
35517803     
35517811     
35517812     
35517813     
35517821     
35517822     
35517823     
35517829     
35517851     
35517852     
35517853     
35517854     
35517855     
35517856     
35517900     
35517910     
35517920     
35517931     
35517932     
35517941     
35517942     
35517949     
35517951     
35517952     
35517960     
36517452     
36517581     
36517582     
36517591     
36517592     
36517601     
36517602     
36517611     
36517612     
36517613     
36517619     
36517620     
36517631     
36517639     
36517691     
36517692     
36517701     
36517702     
36517711     
36517712     
36517721     
36517722     
36517731     
36517732     
36517741     
36517742     
36517743     
36517749     
36517772     
36517773     
36517774     
36517781     
36517782     
36517783     
36517791     
36517799     
36517801     
36517802     
36517803     
36517811     
36517812     
36517813     
36517821     
36517822     
36517823     
36517829     
36517851     
36517852     
36517853     
36517854     
36517855     
36517856     
36517900     
36517910     
36517920     
36517931     
36517932     
36517941     
36517942     
36517949     
36517951     
36517952     
36517960     
38601011
38601012
38601013
38601014
38601015
38601016
38601017
38601021
38601022
38601023
38601024
38601031
38601032
38601051
38601052
38601061
38601062
38601071
38601072
38601081
38601089
38601091
38601099
38601101
38601102
38601103
38601104
38601105
38601106
38601107
38601108
38601109
38601110
38601120
38601131
38601132
38601133
38601139
38601141
38601142
38601143
38601151
38601152
38601161
38601162
38601171
38601172
38601181
38601182
38601191
38601192
38601201
38601202
38601203
38601204
38601205
38601206
38601211
38601212
38601221
38601222
38601231
38601232
38601233
38601234
38601235
38601236
38601237
38601239
38601241
38601242
38601243
38601244
38601245
38601251
38601252
38601253
38601255
38601256
38601257
38601259
38601261
38601262
38601263
38601264
38601265
38601266
38601267
38601268
38601271
38601272
38601273
38601274
38601275
38601279
38601281
38601282
38601283
38601284
38601289
38601291
38601292
38601293
38601301
38601302
38601303
38601304
38601309
38601310
38601321
38601322
38601323
38601324
38601325
38601329
38601331
38601332
38601351
38601352
38601353
38601360
38601370
38601381
38601382
38601383
38601390
38601411
38601412
38601421
38601422
38601429
38601431
38601432
38601433
38601439
38601451
38601452
38601453
38601454
38601461
38601462
38601463
38601464
38601465
38601466
38601467
38601469
38601471
38601472
38601473
38601474
38601475
38601476
38601477
38601478
38601479
38601491
38601492
38601493
38601494
38601495
38601501
38601502
38601503
38601504
38601511
38601512
38601521
38601522
38601531
38601532
38601551
38601552
38601553
38601559
38601561
38601562
38601563
38601581
38601582
38601591
38601592
38601601
38601602
38601611
38601612
38601613
38601619
38601620
38601631
38601639
38601642
38601661
38601662
38601681
38601682
38601683
38601691
38601692
38601701
38601702
38601711
38601712
38601721
38601722
38601731
38601732
38601741
38601742
38601743
38601749
38601750
38601771
38601772
38601773
38601774
38601781
38601782
38601783
38601791
38601799
38601801
38601802
38601803
38601811
38601812
38601813
38601821
38601822
38601823
38601829
38601851
38601852
38601853
38601854
38601855
38601856
38601861
38601862
38601869
38601871
38601872
38601873
38601879
38601881
38601889
38601900
38601910
38601920
38601931
38601932
38601941
38601942
38601949
38601951
38601952
38601960
